8222222222222622222222222222222222262222222222222222222222622222222222229
1            1                     1                      1             1
1            1                     1                      1             1
1            1                     1                      1             1
5222222222222322222222222222222222232222222222222222222222322222222222224
1            1                     1                      1             1
1            1                     1                      1             1
1            1                     1                      1             1
5222222222222322222222222222222222232222222222222222222222322222222222224
1            1                     1                      1             1
1            1                     1                      1             1
1            1                     1                      1             1
5222222222222322222222222222222222232222222222222222222222322222222222224
1            1                     1                      1             1
1            1                     1                      1             1
1            1                     1                      1             1
5222222222222322222222222222222222232222222222222222222222322222222222224
1            1                     1                      1             1
1            1                     1                      1             1
1            1                     1                      1             1
a22222222222272222222222222222222227222222222222222222222272222222222222b-